7124570
7124571
7124572
7124573
7124574
7124575
7124577
7124578
7124579
7124580
7124582
7124584
7124585
7124586
7124588
7124589
7124591
7124592
7124595
7124596
7124598
7124600
7124602
7124603
7124608
7124610
7124612
7124614
7124616
7124617
7124619
7124620
7124622
7124624
7124625
7124627
7124629
7124630
7124638
7124643
7124647
7124650
7124654
7124660
7124665
7124668
7124671
7124673
7124676
7124679
7124682
7124685
7124687
7124688
7124689
7124690
7124692
7124693
7124694
7124695
7124697
7124698
7124699
7124700
7124702
7124703
7124704
7124706
7124707
7124709
7124710
7124711
7124713
7124714
7124716
7124718
7124719
7124721
7124722
7124724
7124725
7124728
7124730
7124732
7124734
7124736
7124741
7124743
7124745
7124746
7124749
7124751
7124753
7124761
7124766
7124771
7124774
7124782
7124785
7124789
7124792
7124795
7124797
7124800
7124802
7124805
7124807
7124810
7124811
7124812
7124813
7124814
7124816
7124817
7124818
7124820
7124823
7124826
7124827
7124828
7124830
7124831
7124832
7124835
7124838
7124841
7124843
7124845
7124846
7124848
7124849
7124851
7124852
7124854
7124855
7124861
7124863
7124864
7124866
7124868
7124869
7124871
7124873
7124874
7124876
7124878
7124880
7124888
7124893
7124897
7124900
7124904
7124907
7124910
7124913
7124916
7124918
7124921
7124924
7124927
7124931
7124933
7124934
7124935
7124937
7124938
7124939
7124940
7124941
7124942
7124944
7124945
7124946
7124948
7124949
7124951
7124953
7124954
7124956
7124957
7124959
7124960
7124961
7124963
7124965
7124966
7124970
7124975
7124979
7124982
7124986
7124990
7124992
7124997
7125000
7125003
7125006
7125010
7125012
7125015
7125019
7125024
7125032
7125037
7125043
7125047
7125051
7125056
7125059
7125064
7125068
7125076
7125079
7125084
7125087
7125091
7125095
7125099
7125100
7125101
7125102
7125103
7125104
7125106
7125107
7125108
7125110
7125111
7125114
7125115
7125117
7125121
7125124
7125126
7125128
7125129
7125133
7125134
7125136
7125138
7125141
7125146
7125150
7125154
7125158
7125162
7125165
7125169
7125171
7125175
7125179
7125181
7125184
7125188
7125190
7125195
7125203
7125208
7125213
7125218
7125222
7125226
7125230
7125234
7125237
7125242
7125246
7125249
7125252
7125257
7125261
7125264
7125269
7125273
7125277
7125281
7125286
7125287
7125288
7125289
7125291
7125292
7125294
7125295
7125296
7125298
7125299
7125300
7125303
7125304
7125305
7125306
7125309
7125310
7125313
7125315
7125316
7125318
7125320
7125322
7125325
7125328
7125336
7125341
7125348
7125352
7125358
7125361
7125368
7125371
7125375
7125378
7125383
7125386
7125390
7125395
7125398
7125401
7125406
7125409
7125412
7125415
7125418
7125423
7125426
7125430
7125434
7125437
7125441
7125444
7125449
7125453
7125457
7125460
7125464
7125466
7125467
7125468
7125470
7125472
7125474
7125476
7125477
7125480
7125482
7125485
7125487
7125489
7125491
7125494
7125498
7125502
7125507
7125509
7125514
7125517
7125520
7125524
7125529
7125532
7125535
7125539
7125542
7125546
7125548
7125552
7125555
7125558
7125561
7125564
7125568
7125572
7125575
7125578
7125582
7125585
7125588
7125591
7125594
7125597
7125600
7125604
7125607
7125612
7125615
7125619
7125622
7125625
7125628
7125631
7125634
7125636
7125638
7125640
7125641
7125642
7125643
7125644
7125646
7125647
7125648
7125649
7125650
7125651
7125655
7125658
7125661
7125663
7125666
7125668
7125672
7125676
7125680
7125683
7125685
7125688
7125690
7125693
7125695
7125697
7125699
7125701
7125704
7125705
7125709
7125711
7125713
7125716
7125718
7125721
7125723
7125725
7125728
7125730
7125732
7125735
7125743
7125747
7125751
7125756
7125762
7125765
7125766
7125767
7125769
7125770
7125771
7125772
7125773
7125774
7125775
7125776
7125777
7125778
7125779
7125780
7125781
7125782
7125783
7125784
7125785
7125786
7125787
7125788
7125789
7125791
7125792
7125793
7125794
7125796
7125797
7125798
7125799
7125800
7125801
7125802
7125803
7125804
7125806
7125807
7125808
7125809
7125810
7125811
7125812
7125815
7125820
7125821
7125822
7125823
7125824
7125826
7125827
7125829
7125830
7125833
7125836
7125838
7125839
7125840
7125841
7125842
7125843
7125844
7125845
7125846
7125847
7125848
7125849
7125850
7125851
7125852
7125853
7125854
7125855
7125856
7125857
7125858
7125859
7125860
7125861
7125862
7125863
7125864
7125866
7125867
7125868
7125869
7125870
7125871
7125872
7125873
7125874
7125875
7125877
7125878
7125879
7125881
7125882
7125883
7125884
7125885
7125886
7125888
7125893
7125898
7125902
7125906
7125909
7125912
7125915
7125918
7125919
7125920
7125922
7125923
7125924
7125925
7125927
7125928
7125929
7125930
7125932
7125933
7125935
7125936
7125938
7125939
7125941
7125943
7125945
7125946
7125949
7125950
7125952
7125954
7125955
7125957
7125959
7125960
7125962
7125964
7125966
7125968
7125969
7125971
7125973
7125975
7125976
7125978
7125980
7125983
7125985
7125987
7125988
7125992
7125998
7126002
7126006
7126009
7126013
7126016
7126020
7126023
7126027
7126031
7126032
7126033
7126034
7126035
7126037
7126038
7126039
7126040
7126041
7126044
7126045
7126047
7126048
7126049
7126051
7126052
7126054
7126055
7126057
7126058
7126060
7126061
7126063
7126065
7126066
7126069
7126071
7126072
7126074
7126076
7126077
7126079
7126081
7126082
7126084
7126086
7126088
7126089
7126091
7126093
7126095
7126096
7126098
7126100
7126102
7126104
7126106
7126108
7126114
7126121
7126125
7126129
7126133
7126137
7126140
7126143
7126146
7126147
7126148
7126149
7126151
7126152
7126153
7126154
7126156
7126157
7126158
7126159
7126161
7126162
7126164
7126165
7126167
7126168
7126170
7126171
7126173
7126174
7126176
7126178
7126179
7126181
7126183
7126185
7126189
7126191
7126192
7126194
7126196
7126199
7126201
7126203
7126205
7126207
7126208
7126210
7126212
7126214
7126215
7126217
7126220
7126222
7126225
7126227
7126228
7126230
7126232
7126237
7126243
7126249
7126253
7126254
7126255
7126257
7126258
7126259
7126260
7126262
7126263
7126265
7126266
7126268
7126269
7126271
7126272
7126274
7126276
7126277
7126279
7126281
7126282
7126284
7126286
7126287
7126290
7126291
7126293
7126295
7126297
7126298
7126300
7126302
7126304
7126306
7126308
7126310
7126312
7126313
7126315
7126317
7126319
7126321
7126323
7126325
7126326
7126327
7126329
7126330
7126331
7126332
7126334
7126335
7126336
7126337
7126338
7126339
7126343
7126346
7126347
7126348
7126349
7126350
7126351
7126352
7126353
7126354
7126355
7126356
7126357
7126358
7126359
7126360
7126361
7126362
7126363
7126364
7126365
7126366
7126367
7126368
7126370
7126372
7126373
7126374
7126375
7126376
7126377
7126379
7126380
7126381
7126382
7126383
7126384
7126385
7126386
7126387
7126388
7126389
7126390
7126391
7126392
7126393
7126394
7126395
7126396
7126398
7126401
7126402
7126404
7126405
7126406
7126407
7126408
7126409
7126410
7126412
7126413
7126414
7126415
7126416
7126417
7126418
7126419
7126420
7126421
7126422
7126423
7126424
7126425
7126426
7126427
7126428
7126429
7126430
7126431
7126432
7126433
7126434
7126435
7126436
7126437
7126438
7126439
7126440
7126441
7126442
7126443
7126444
7126445
7126446
7126447
7126448
7126449
7126450
7126452
7126454
7126456
7126459
7126460
7126461
7126462
7126463
7126464
7126466
7126467
7126469
7126470
7126471
7126472
7126473
7126477
7126483
7126487
7126490
7126493
7126496
7126499
7126502
7126505
7126507
7126510
7126512
7126515
7126517
7126519
7126522
7126524
7126526
7126529
7126531
7126533
7126535
7126539
7126541
7126543
7126545
7126547
7126550
7126553
7126557
7126558
7126560
7126561
7126562
7126564
7126566
7126569
7126570
7126572
7126574
7126576
7126577
7126580
7126581
7126583
7126585
7126587
7126589
7126591
7126593
7126595
7126597
7126600
7126602
7126604
7126606
7126607
7126610
7126611
7126614
7126615
7126617
7126619
7126621
7126623
7126625
7126627
7126630
7126632
7126634
7126641
7126650
7126659
7126667
7126673
7126680
7126686
7126693
7126697
7126702
7126707
7126713
7126717
7126722
7126723
7126724
7126725
7126726
7126728
